# Source Font Path: Library/Fonts/malgun.ttf
# Texture Size: 4096
# Original Font Resolution: 4096
# Down Sampling Scale: 24
# Associated Texture File: signed_dist_font.png
#	Code Point	Width	Height	Horizontal Bearing X	Horizontal Bearing Y	Horizontal Advance	Vertical Bearing X	Vertical Bearing Y	Vertical Advance	Texture Coord X	Texture Coord Y	Texture Width	Texture Height
MARGIN
0.00244141
GLYPHS
44032	0.880859	0.941895	0.0839844	0.854004	1	-0.416016	0.0629883	1.0625	0.00244141	0.00244141	0.0367025	0.0392456
44033	0.871094	0.941895	0.0717773	0.854004	1	-0.428223	0.0629883	1.0625	0.0439453	0.00244141	0.0362956	0.0392456
44034	0.871094	0.941895	0.0717773	0.854004	1	-0.428223	0.0629883	1.0625	0.0849609	0.00244141	0.0362956	0.0392456
44035	0.871094	0.947754	0.0717773	0.854004	1	-0.428223	0.0629883	1.0625	0.125977	0.00244141	0.0362956	0.0394897
44036	0.869629	0.904785	0.0732422	0.854004	1	-0.426758	0.0629883	1.0625	0.166992	0.00244141	0.0362345	0.0376994
44037	0.871094	0.955078	0.0717773	0.854004	1	-0.428223	0.0629883	1.0625	0.208008	0.00244141	0.0362956	0.0397949
44038	0.871094	0.945801	0.0717773	0.854004	1	-0.428223	0.0629883	1.0625	0.249023	0.00244141	0.0362956	0.0394084
44039	0.870117	0.918945	0.0717773	0.854004	1	-0.428223	0.0629883	1.0625	0.290039	0.00244141	0.0362549	0.0382894
44040	0.870117	0.925781	0.0717773	0.854004	1	-0.428223	0.0629883	1.0625	0.331055	0.00244141	0.0362549	0.0385742
44041	0.870117	0.941895	0.0717773	0.854004	1	-0.428223	0.0629883	1.0625	0.37207	0.00244141	0.0362549	0.0392456
44042	0.870117	0.917969	0.0717773	0.854004	1	-0.428223	0.0629883	1.0625	0.413086	0.00244141	0.0362549	0.0382487
44043	0.871094	0.935059	0.0717773	0.854004	1	-0.428223	0.0629883	1.0625	0.454102	0.00244141	0.0362956	0.0389608
44044	0.871094	0.943848	0.0717773	0.854004	1	-0.428223	0.0629883	1.0625	0.495117	0.00244141	0.0362956	0.039327
44045	0.871094	0.930176	0.0717773	0.854004	1	-0.428223	0.0629883	1.0625	0.536133	0.00244141	0.0362956	0.0387573
44046	0.871094	0.935059	0.0717773	0.854004	1	-0.428223	0.0629883	1.0625	0.577148	0.00244141	0.0362956	0.0389608
44047	0.871094	0.952148	0.0717773	0.854004	1	-0.428223	0.0629883	1.0625	0.618164	0.00244141	0.0362956	0.0396729
44048	0.871094	0.919922	0.0708008	0.854004	1	-0.429199	0.0629883	1.0625	0.65918	0.00244141	0.0362956	0.0383301
44049	0.880371	0.918945	0.0717773	0.854004	1	-0.428223	0.0629883	1.0625	0.700195	0.00244141	0.0366821	0.0382894
44050	0.870117	0.923828	0.0717773	0.854004	1	-0.428223	0.0629883	1.0625	0.741699	0.00244141	0.0362549	0.0384928
44051	0.880371	0.920898	0.0717773	0.854004	1	-0.428223	0.0629883	1.0625	0.782715	0.00244141	0.0366821	0.0383708
44052	0.870117	0.922852	0.0717773	0.854004	1	-0.428223	0.0629883	1.0625	0.824219	0.00244141	0.0362549	0.0384521
44053	0.871094	0.924805	0.0717773	0.854004	1	-0.428223	0.0629883	1.0625	0.865234	0.00244141	0.0362956	0.0385335
44054	0.870117	0.920898	0.0717773	0.854004	1	-0.428223	0.0629883	1.0625	0.90625	0.00244141	0.0362549	0.0383708
44055	0.870117	0.920898	0.0717773	0.854004	1	-0.428223	0.0629883	1.0625	0.947266	0.00244141	0.0362549	0.0383708
44056	0.871094	0.941895	0.0717773	0.854004	1	-0.428223	0.0629883	1.0625	0.00244141	0.0471191	0.0362956	0.0392456
44057	0.870117	0.919922	0.0717773	0.854004	1	-0.428223	0.0629883	1.0625	0.043457	0.0471191	0.0362549	0.0383301
44058	0.871094	0.920898	0.0717773	0.854004	1	-0.428223	0.0629883	1.0625	0.0844727	0.0471191	0.0362956	0.0383708
44059	0.870117	0.926758	0.0717773	0.854004	1	-0.428223	0.0629883	1.0625	0.125488	0.0471191	0.0362549	0.0386149
44060	0.791016	0.941895	0.0688477	0.854004	1	-0.431152	0.0629883	1.0625	0.166504	0.0471191	0.032959	0.0392456
44061	0.777832	0.941895	0.0849609	0.854004	1	-0.415039	0.0629883	1.0625	0.204346	0.0471191	0.0324097	0.0392456
44062	0.777832	0.941895	0.0849609	0.854004	1	-0.415039	0.0629883	1.0625	0.241455	0.0471191	0.0324097	0.0392456
44063	0.849121	0.947754	0.0849609	0.854004	1	-0.415039	0.0629883	1.0625	0.278564	0.0471191	0.03538	0.0394897
44064	0.808105	0.902832	0.0830078	0.854004	1	-0.416992	0.0629883	1.0625	0.318604	0.0471191	0.0336711	0.037618
44065	0.811035	0.955078	0.0849609	0.854004	1	-0.415039	0.0629883	1.0625	0.356934	0.0471191	0.0337931	0.0397949
44066	0.797852	0.947754	0.0849609	0.854004	1	-0.415039	0.0629883	1.0625	0.395508	0.0471191	0.0332438	0.0394897
44067	0.798828	0.925781	0.0849609	0.854004	1	-0.415039	0.0629883	1.0625	0.433594	0.0471191	0.0332845	0.0385742
44068	0.802246	0.919922	0.0859375	0.854004	1	-0.414062	0.0629883	1.0625	0.47168	0.0471191	0.0334269	0.0383301
44069	0.777832	0.941895	0.0849609	0.854004	1	-0.415039	0.0629883	1.0625	0.509766	0.0471191	0.0324097	0.0392456
44070	0.777832	0.929199	0.0849609	0.854004	1	-0.415039	0.0629883	1.0625	0.546875	0.0471191	0.0324097	0.0387166
44071	0.777832	0.935059	0.0849609	0.854004	1	-0.415039	0.0629883	1.0625	0.583984	0.0471191	0.0324097	0.0389608
44072	0.808105	0.943848	0.0849609	0.854004	1	-0.415039	0.0629883	1.0625	0.621094	0.0471191	0.0336711	0.039327
44073	0.804199	0.930176	0.0849609	0.854004	1	-0.415039	0.0629883	1.0625	0.659424	0.0471191	0.0335083	0.0387573
44074	0.797852	0.935059	0.0849609	0.854004	1	-0.415039	0.0629883	1.0625	0.697754	0.0471191	0.0332438	0.0389608
44075	0.803223	0.950195	0.0849609	0.854004	1	-0.415039	0.0629883	1.0625	0.73584	0.0471191	0.0334676	0.0395915
44076	0.776855	0.916016	0.0859375	0.854004	1	-0.414062	0.0629883	1.0625	0.77417	0.0471191	0.032369	0.0381673
44077	0.776855	0.916016	0.0859375	0.854004	1	-0.414062	0.0629883	1.0625	0.811279	0.0471191	0.032369	0.0381673
44078	0.830078	0.955078	0.0849609	0.854004	1	-0.415039	0.0629883	1.0625	0.848389	0.0471191	0.0345866	0.0397949
44079	0.833008	0.920898	0.0869141	0.854004	1	-0.413086	0.0629883	1.0625	0.887695	0.0471191	0.0347087	0.0383708
44080	0.849121	0.917969	0.0859375	0.854004	1	-0.414062	0.0629883	1.0625	0.00244141	0.0917969	0.03538	0.0382487
44081	0.791992	0.929199	0.0859375	0.854004	1	-0.414062	0.0629883	1.0625	0.0424805	0.0917969	0.0329997	0.0387166
44082	0.836914	0.937012	0.0849609	0.854004	1	-0.415039	0.0629883	1.0625	0.0803223	0.0917969	0.0348714	0.0390422
44083	0.84082	0.940918	0.0849609	0.854004	1	-0.415039	0.0629883	1.0625	0.119873	0.0917969	0.0350342	0.0392049
44084	0.780273	0.941895	0.0849609	0.854004	1	-0.415039	0.0629883	1.0625	0.159668	0.0917969	0.0325114	0.0392456
44085	0.798828	0.921875	0.0849609	0.854004	1	-0.415039	0.0629883	1.0625	0.197021	0.0917969	0.0332845	0.0384115
44086	0.809082	0.931152	0.0849609	0.854004	1	-0.415039	0.0629883	1.0625	0.235107	0.0917969	0.0337118	0.038798
44087	0.805176	0.947754	0.0849609	0.854004	1	-0.415039	0.0629883	1.0625	0.273682	0.0917969	0.033549	0.0394897
44088	0.866211	0.941895	0.0839844	0.854004	1	-0.416016	0.0629883	1.0625	0.312012	0.0917969	0.0360921	0.0392456
44089	0.871094	0.941895	0.0717773	0.854004	1	-0.428223	0.0629883	1.0625	0.352783	0.0917969	0.0362956	0.0392456
44090	0.871094	0.941895	0.0717773	0.854004	1	-0.428223	0.0629883	1.0625	0.393799	0.0917969	0.0362956	0.0392456
44091	0.871094	0.947754	0.0717773	0.854004	1	-0.428223	0.0629883	1.0625	0.434814	0.0917969	0.0362956	0.0394897
44092	0.871094	0.904785	0.0717773	0.854004	1	-0.428223	0.0629883	1.0625	0.47583	0.0917969	0.0362956	0.0376994
44093	0.871094	0.955078	0.0717773	0.854004	1	-0.428223	0.0629883	1.0625	0.516846	0.0917969	0.0362956	0.0397949
44094	0.871094	0.945801	0.0717773	0.854004	1	-0.428223	0.0629883	1.0625	0.557861	0.0917969	0.0362956	0.0394084
44095	0.871094	0.931152	0.0717773	0.854004	1	-0.428223	0.0629883	1.0625	0.598877	0.0917969	0.0362956	0.038798
44096	0.871094	0.920898	0.0717773	0.854004	1	-0.428223	0.0629883	1.0625	0.639893	0.0917969	0.0362956	0.0383708
44097	0.871094	0.941895	0.0717773	0.854004	1	-0.428223	0.0629883	1.0625	0.680908	0.0917969	0.0362956	0.0392456
44098	0.871094	0.938965	0.0717773	0.854004	1	-0.428223	0.0629883	1.0625	0.721924	0.0917969	0.0362956	0.0391235
44099	0.871094	0.935059	0.0717773	0.854004	1	-0.428223	0.0629883	1.0625	0.762939	0.0917969	0.0362956	0.0389608
44100	0.871094	0.943848	0.0717773	0.854004	1	-0.428223	0.0629883	1.0625	0.803955	0.0917969	0.0362956	0.039327
44101	0.871094	0.930176	0.0717773	0.854004	1	-0.428223	0.0629883	1.0625	0.844971	0.0917969	0.0362956	0.0387573
44102	0.871094	0.935059	0.0717773	0.854004	1	-0.428223	0.0629883	1.0625	0.885986	0.0917969	0.0362956	0.0389608
44103	0.871094	0.952148	0.0717773	0.854004	1	-0.428223	0.0629883	1.0625	0.927002	0.0917969	0.0362956	0.0396729
44104	0.871094	0.933105	0.0717773	0.854004	1	-0.428223	0.0629883	1.0625	0.00244141	0.136475	0.0362956	0.0388794
44105	0.871094	0.929199	0.0717773	0.854004	1	-0.428223	0.0629883	1.0625	0.043457	0.136475	0.0362956	0.0387166
44106	0.871094	0.955078	0.0717773	0.854004	1	-0.428223	0.0629883	1.0625	0.0844727	0.136475	0.0362956	0.0397949
44107	0.871094	0.920898	0.0717773	0.854004	1	-0.428223	0.0629883	1.0625	0.125488	0.136475	0.0362956	0.0383708
44108	0.871094	0.942871	0.0717773	0.854004	1	-0.428223	0.0629883	1.0625	0.166504	0.136475	0.0362956	0.0392863
44109	0.871094	0.930176	0.0717773	0.854004	1	-0.428223	0.0629883	1.0625	0.20752	0.136475	0.0362956	0.0387573
44110	0.871094	0.938965	0.0717773	0.854004	1	-0.428223	0.0629883	1.0625	0.248535	0.136475	0.0362956	0.0391235
44111	0.871094	0.940918	0.0717773	0.854004	1	-0.428223	0.0629883	1.0625	0.289551	0.136475	0.0362956	0.0392049
44112	0.871094	0.941895	0.0717773	0.854004	1	-0.428223	0.0629883	1.0625	0.330566	0.136475	0.0362956	0.0392456
44113	0.871094	0.935059	0.0717773	0.854004	1	-0.428223	0.0629883	1.0625	0.371582	0.136475	0.0362956	0.0389608
44114	0.871094	0.931152	0.0717773	0.854004	1	-0.428223	0.0629883	1.0625	0.412598	0.136475	0.0362956	0.038798
44115	0.871094	0.951172	0.0717773	0.854004	1	-0.428223	0.0629883	1.0625	0.453613	0.136475	0.0362956	0.0396322
44116	0.791992	0.941895	0.0678711	0.854004	1	-0.432129	0.0629883	1.0625	0.494629	0.136475	0.0329997	0.0392456
44117	0.777832	0.941895	0.0849609	0.854004	1	-0.415039	0.0629883	1.0625	0.532471	0.136475	0.0324097	0.0392456
44118	0.777832	0.941895	0.0849609	0.854004	1	-0.415039	0.0629883	1.0625	0.56958	0.136475	0.0324097	0.0392456
44119	0.849121	0.947754	0.0849609	0.854004	1	-0.415039	0.0629883	1.0625	0.606689	0.136475	0.03538	0.0394897
44120	0.808105	0.902832	0.0830078	0.854004	1	-0.416992	0.0629883	1.0625	0.646729	0.136475	0.0336711	0.037618
44121	0.811035	0.955078	0.0849609	0.854004	1	-0.415039	0.0629883	1.0625	0.685059	0.136475	0.0337931	0.0397949
44122	0.797852	0.947754	0.0849609	0.854004	1	-0.415039	0.0629883	1.0625	0.723633	0.136475	0.0332438	0.0394897
44123	0.798828	0.925781	0.0849609	0.854004	1	-0.415039	0.0629883	1.0625	0.761719	0.136475	0.0332845	0.0385742
44124	0.802246	0.919922	0.0839844	0.86377	1	-0.416016	0.0532227	1.0625	0.799805	0.136475	0.0334269	0.0383301
44125	0.777832	0.941895	0.0849609	0.854004	1	-0.415039	0.0629883	1.0625	0.837891	0.136475	0.0324097	0.0392456
44126	0.777832	0.929199	0.0849609	0.854004	1	-0.415039	0.0629883	1.0625	0.875	0.136475	0.0324097	0.0387166
44127	0.777832	0.935059	0.0849609	0.854004	1	-0.415039	0.0629883	1.0625	0.912109	0.136475	0.0324097	0.0389608
44128	0.808105	0.943848	0.0849609	0.854004	1	-0.415039	0.0629883	1.0625	0.00244141	0.181152	0.0336711	0.039327
44129	0.804199	0.930176	0.0849609	0.854004	1	-0.415039	0.0629883	1.0625	0.0407715	0.181152	0.0335083	0.0387573
44130	0.797852	0.935059	0.0849609	0.854004	1	-0.415039	0.0629883	1.0625	0.0791016	0.181152	0.0332438	0.0389608
44131	0.803223	0.950195	0.0849609	0.854004	1	-0.415039	0.0629883	1.0625	0.117188	0.181152	0.0334676	0.0395915
44132	0.777832	0.916016	0.0849609	0.854004	1	-0.415039	0.0629883	1.0625	0.155518	0.181152	0.0324097	0.0381673
44133	0.777832	0.916016	0.0849609	0.854004	1	-0.415039	0.0629883	1.0625	0.192627	0.181152	0.0324097	0.0381673
44134	0.830078	0.955078	0.0849609	0.854004	1	-0.415039	0.0629883	1.0625	0.229736	0.181152	0.0345866	0.0397949
44135	0.84375	0.937012	0.0830078	0.854004	1	-0.416992	0.0629883	1.0625	0.269043	0.181152	0.0351562	0.0390422
44136	0.850098	0.942871	0.0849609	0.854004	1	-0.415039	0.0629883	1.0625	0.309082	0.181152	0.0354207	0.0392863
44137	0.789062	0.935059	0.0849609	0.854004	1	-0.415039	0.0629883	1.0625	0.349365	0.181152	0.0328776	0.0389608
44138	0.836914	0.937012	0.0849609	0.854004	1	-0.415039	0.0629883	1.0625	0.386963	0.181152	0.0348714	0.0390422
44139	0.84082	0.940918	0.0849609	0.854004	1	-0.415039	0.0629883	1.0625	0.426514	0.181152	0.0350342	0.0392049
44140	0.780273	0.941895	0.0849609	0.854004	1	-0.415039	0.0629883	1.0625	0.466309	0.181152	0.0325114	0.0392456
44141	0.798828	0.921875	0.0849609	0.854004	1	-0.415039	0.0629883	1.0625	0.503662	0.181152	0.0332845	0.0384115
44142	0.809082	0.931152	0.0849609	0.854004	1	-0.415039	0.0629883	1.0625	0.541748	0.181152	0.0337118	0.038798
44143	0.805176	0.947754	0.0849609	0.854004	1	-0.415039	0.0629883	1.0625	0.580322	0.181152	0.033549	0.0394897
44144	0.762695	0.941895	0.0751953	0.854004	1	-0.424805	0.0629883	1.0625	0.618652	0.181152	0.031779	0.0392456
44145	0.762207	0.941895	0.0839844	0.854004	1	-0.416016	0.0629883	1.0625	0.655273	0.181152	0.0317586	0.0392456
44146	0.762207	0.941895	0.0839844	0.854004	1	-0.416016	0.0629883	1.0625	0.691895	0.181152	0.0317586	0.0392456
44147	0.850098	0.941895	0.0839844	0.854004	1	-0.416016	0.0629883	1.0625	0.728516	0.181152	0.0354207	0.0392456
44148	0.788086	0.904785	0.0849609	0.854004	1	-0.415039	0.0629883	1.0625	0.768799	0.181152	0.0328369	0.0376994
44149	0.815918	0.932129	0.0839844	0.854004	1	-0.416016	0.0629883	1.0625	0.806396	0.181152	0.0339966	0.0388387
44150	0.805176	0.936035	0.0839844	0.854004	1	-0.416016	0.0629883	1.0625	0.845215	0.181152	0.033549	0.0390015
44151	0.783203	0.916016	0.0839844	0.854004	1	-0.416016	0.0629883	1.0625	0.883545	0.181152	0.0326335	0.0381673
44152	0.786133	0.919922	0.0859375	0.854004	1	-0.414062	0.0629883	1.0625	0.00244141	0.22583	0.0327555	0.0383301
44153	0.762207	0.939941	0.0839844	0.854004	1	-0.416016	0.0629883	1.0625	0.0400391	0.22583	0.0317586	0.0391642
44154	0.76416	0.917969	0.0839844	0.854004	1	-0.416016	0.0629883	1.0625	0.0766602	0.22583	0.03184	0.0382487
44155	0.762207	0.935059	0.0839844	0.854004	1	-0.416016	0.0629883	1.0625	0.113281	0.22583	0.0317586	0.0389608
44156	0.823242	0.934082	0.0839844	0.854004	1	-0.416016	0.0629883	1.0625	0.149902	0.22583	0.0343018	0.0389201
44157	0.787109	0.930176	0.0839844	0.854004	1	-0.416016	0.0629883	1.0625	0.188965	0.22583	0.0327962	0.0387573
44158	0.789062	0.934082	0.0839844	0.854004	1	-0.416016	0.0629883	1.0625	0.226562	0.22583	0.0328776	0.0389201
44159	0.783203	0.936035	0.0839844	0.854004	1	-0.416016	0.0629883	1.0625	0.26416	0.22583	0.0326335	0.0390015
44160	0.762207	0.916016	0.0839844	0.854004	1	-0.416016	0.0629883	1.0625	0.301514	0.22583	0.0317586	0.0381673
44161	0.762207	0.916016	0.0839844	0.854004	1	-0.416016	0.0629883	1.0625	0.338135	0.22583	0.0317586	0.0381673
44162	0.861816	0.946777	0.0839844	0.854004	1	-0.416016	0.0629883	1.0625	0.374756	0.22583	0.035909	0.0394491
44163	0.836914	0.920898	0.0849609	0.854004	1	-0.415039	0.0629883	1.0625	0.415527	0.22583	0.0348714	0.0383708
44164	0.854004	0.917969	0.0839844	0.854004	1	-0.416016	0.0629883	1.0625	0.455078	0.22583	0.0355835	0.0382487
44165	0.77002	0.924805	0.0839844	0.854004	1	-0.416016	0.0629883	1.0625	0.495361	0.22583	0.0320841	0.0385335
44166	0.824219	0.920898	0.0839844	0.854004	1	-0.416016	0.0629883	1.0625	0.532227	0.22583	0.0343424	0.0383708
44167	0.839844	0.933105	0.0839844	0.854004	1	-0.416016	0.0629883	1.0625	0.571289	0.22583	0.0349935	0.0388794
44168	0.762207	0.941895	0.0839844	0.854004	1	-0.416016	0.0629883	1.0625	0.611084	0.22583	0.0317586	0.0392456
44169	0.788086	0.916992	0.0839844	0.854004	1	-0.416016	0.0629883	1.0625	0.647705	0.22583	0.0328369	0.038208
44170	0.786133	0.920898	0.0839844	0.854004	1	-0.416016	0.0629883	1.0625	0.685303	0.22583	0.0327555	0.0383708
44171	0.783203	0.926758	0.0839844	0.854004	1	-0.416016	0.0629883	1.0625	0.7229	0.22583	0.0326335	0.0386149
44172	0.791992	0.941895	0.0688477	0.854004	1	-0.431152	0.0629883	1.0625	0.760254	0.22583	0.0329997	0.0392456
44173	0.774902	0.941895	0.0878906	0.854004	1	-0.412109	0.0629883	1.0625	0.798096	0.22583	0.0322876	0.0392456
44174	0.774902	0.941895	0.0878906	0.854004	1	-0.412109	0.0629883	1.0625	0.835205	0.22583	0.0322876	0.0392456
44175	0.846191	0.941895	0.0878906	0.854004	1	-0.412109	0.0629883	1.0625	0.872314	0.22583	0.035258	0.0392456
44176	0.806152	0.902832	0.0849609	0.854004	1	-0.415039	0.0629883	1.0625	0.00244141	0.27002	0.0335897	0.037618
44177	0.824219	0.941895	0.0878906	0.854004	1	-0.412109	0.0629883	1.0625	0.0407715	0.27002	0.0343424	0.0392456
44178	0.794922	0.947754	0.0878906	0.854004	1	-0.412109	0.0629883	1.0625	0.079834	0.27002	0.0331217	0.0394897
44179	0.795898	0.925781	0.0878906	0.854004	1	-0.412109	0.0629883	1.0625	0.117676	0.27002	0.0331624	0.0385742
44180	0.800293	0.919922	0.0878906	0.854004	1	-0.412109	0.0629883	1.0625	0.155518	0.27002	0.0333455	0.0383301
44181	0.774902	0.941895	0.0878906	0.854004	1	-0.412109	0.0629883	1.0625	0.193604	0.27002	0.0322876	0.0392456
44182	0.774902	0.929199	0.0878906	0.854004	1	-0.412109	0.0629883	1.0625	0.230713	0.27002	0.0322876	0.0387166
44183	0.774902	0.935059	0.0878906	0.854004	1	-0.412109	0.0629883	1.0625	0.267822	0.27002	0.0322876	0.0389608
44184	0.805176	0.943848	0.0878906	0.854004	1	-0.412109	0.0629883	1.0625	0.304932	0.27002	0.033549	0.039327
44185	0.802246	0.930176	0.0878906	0.854004	1	-0.412109	0.0629883	1.0625	0.343262	0.27002	0.0334269	0.0387573
44186	0.795898	0.935059	0.0878906	0.854004	1	-0.412109	0.0629883	1.0625	0.381348	0.27002	0.0331624	0.0389608
44187	0.800293	0.943848	0.0878906	0.854004	1	-0.412109	0.0629883	1.0625	0.419189	0.27002	0.0333455	0.039327
44188	0.774902	0.916016	0.0878906	0.854004	1	-0.412109	0.0629883	1.0625	0.457275	0.27002	0.0322876	0.0381673
44189	0.774902	0.916016	0.0878906	0.854004	1	-0.412109	0.0629883	1.0625	0.494385	0.27002	0.0322876	0.0381673
44190	0.827148	0.955078	0.0878906	0.854004	1	-0.412109	0.0629883	1.0625	0.531494	0.27002	0.0344645	0.0397949
44191	0.834961	0.920898	0.0849609	0.854004	1	-0.415039	0.0629883	1.0625	0.570801	0.27002	0.03479	0.0383708
44192	0.864258	0.936035	0.0859375	0.854004	1	-0.414062	0.0629883	1.0625	0.610352	0.27002	0.0360107	0.0390015
44193	0.791992	0.929199	0.0859375	0.854004	1	-0.414062	0.0629883	1.0625	0.651123	0.27002	0.0329997	0.0387166
44194	0.834961	0.920898	0.0878906	0.854004	1	-0.412109	0.0629883	1.0625	0.688965	0.27002	0.03479	0.0383708
44195	0.835938	0.933105	0.0878906	0.854004	1	-0.412109	0.0629883	1.0625	0.728516	0.27002	0.0348307	0.0388794
44196	0.777344	0.941895	0.0878906	0.854004	1	-0.412109	0.0629883	1.0625	0.768066	0.27002	0.0323893	0.0392456
44197	0.79834	0.940918	0.0878906	0.854004	1	-0.412109	0.0629883	1.0625	0.805176	0.27002	0.0332642	0.0392049
44198	0.794922	0.920898	0.0878906	0.854004	1	-0.412109	0.0629883	1.0625	0.843262	0.27002	0.0331217	0.0383708
44199	0.803223	0.958008	0.0878906	0.854004	1	-0.412109	0.0629883	1.0625	0.881104	0.27002	0.0334676	0.039917
44200	0.762695	0.941895	0.0751953	0.854004	1	-0.424805	0.0629883	1.0625	0.00244141	0.314697	0.031779	0.0392456
44201	0.762207	0.941895	0.0839844	0.854004	1	-0.416016	0.0629883	1.0625	0.0390625	0.314697	0.0317586	0.0392456
44202	0.762207	0.941895	0.0839844	0.854004	1	-0.416016	0.0629883	1.0625	0.0756836	0.314697	0.0317586	0.0392456
44203	0.850098	0.941895	0.0839844	0.854004	1	-0.416016	0.0629883	1.0625	0.112305	0.314697	0.0354207	0.0392456
44204	0.785156	0.904785	0.0839844	0.854004	1	-0.416016	0.0629883	1.0625	0.152588	0.314697	0.0327148	0.0376994
44205	0.815918	0.932129	0.0839844	0.854004	1	-0.416016	0.0629883	1.0625	0.190186	0.314697	0.0339966	0.0388387
44206	0.805176	0.936035	0.0839844	0.854004	1	-0.416016	0.0629883	1.0625	0.229004	0.314697	0.033549	0.0390015
44207	0.783203	0.916016	0.0839844	0.854004	1	-0.416016	0.0629883	1.0625	0.267334	0.314697	0.0326335	0.0381673
44208	0.786133	0.931152	0.0859375	0.854004	1	-0.414062	0.0629883	1.0625	0.304688	0.314697	0.0327555	0.038798
44209	0.762207	0.939941	0.0839844	0.854004	1	-0.416016	0.0629883	1.0625	0.342285	0.314697	0.0317586	0.0391642
44210	0.762207	0.928223	0.0839844	0.854004	1	-0.416016	0.0629883	1.0625	0.378906	0.314697	0.0317586	0.0386759
44211	0.762207	0.935059	0.0839844	0.854004	1	-0.416016	0.0629883	1.0625	0.415527	0.314697	0.0317586	0.0389608
44212	0.823242	0.934082	0.0839844	0.854004	1	-0.416016	0.0629883	1.0625	0.452148	0.314697	0.0343018	0.0389201
44213	0.787109	0.930176	0.0839844	0.854004	1	-0.416016	0.0629883	1.0625	0.491211	0.314697	0.0327962	0.0387573
44214	0.789062	0.934082	0.0839844	0.854004	1	-0.416016	0.0629883	1.0625	0.528809	0.314697	0.0328776	0.0389201
44215	0.783203	0.936035	0.0839844	0.854004	1	-0.416016	0.0629883	1.0625	0.566406	0.314697	0.0326335	0.0390015
44216	0.762207	0.916016	0.0839844	0.854004	1	-0.416016	0.0629883	1.0625	0.60376	0.314697	0.0317586	0.0381673
44217	0.762207	0.916016	0.0839844	0.854004	1	-0.416016	0.0629883	1.0625	0.640381	0.314697	0.0317586	0.0381673
44218	0.861816	0.946777	0.0839844	0.854004	1	-0.416016	0.0629883	1.0625	0.677002	0.314697	0.035909	0.0394491
44219	0.822754	0.920898	0.0991211	0.854004	1	-0.400879	0.0629883	1.0625	0.717773	0.314697	0.0342814	0.0383708
44220	0.86084	0.917969	0.0839844	0.854004	1	-0.416016	0.0629883	1.0625	0.756836	0.314697	0.0358683	0.0382487
44221	0.769043	0.929199	0.0849609	0.854004	1	-0.415039	0.0629883	1.0625	0.797363	0.314697	0.0320435	0.0387166
44222	0.824219	0.920898	0.0839844	0.854004	1	-0.416016	0.0629883	1.0625	0.834229	0.314697	0.0343424	0.0383708
44223	0.839844	0.933105	0.0839844	0.854004	1	-0.416016	0.0629883	1.0625	0.873291	0.314697	0.0349935	0.0388794
44224	0.762207	0.941895	0.0839844	0.854004	1	-0.416016	0.0629883	1.0625	0.00244141	0.358887	0.0317586	0.0392456
44225	0.788086	0.916992	0.0839844	0.854004	1	-0.416016	0.0629883	1.0625	0.0390625	0.358887	0.0328369	0.038208
44226	0.786133	0.920898	0.0839844	0.854004	1	-0.416016	0.0629883	1.0625	0.0766602	0.358887	0.0327555	0.0383708
44227	0.796875	0.946777	0.0839844	0.854004	1	-0.416016	0.0629883	1.0625	0.114258	0.358887	0.0332031	0.0394491
44228	0.791992	0.941895	0.0688477	0.854004	1	-0.431152	0.0629883	1.0625	0.152344	0.358887	0.0329997	0.0392456
44229	0.774902	0.941895	0.0878906	0.854004	1	-0.412109	0.0629883	1.0625	0.190186	0.358887	0.0322876	0.0392456
44230	0.774902	0.941895	0.0878906	0.854004	1	-0.412109	0.0629883	1.0625	0.227295	0.358887	0.0322876	0.0392456
44231	0.846191	0.941895	0.0878906	0.854004	1	-0.412109	0.0629883	1.0625	0.264404	0.358887	0.035258	0.0392456
44232	0.806152	0.902832	0.0849609	0.854004	1	-0.415039	0.0629883	1.0625	0.304443	0.358887	0.0335897	0.037618
44233	0.824219	0.941895	0.0878906	0.854004	1	-0.412109	0.0629883	1.0625	0.342773	0.358887	0.0343424	0.0392456
44234	0.794922	0.947754	0.0878906	0.854004	1	-0.412109	0.0629883	1.0625	0.381836	0.358887	0.0331217	0.0394897
44235	0.795898	0.925781	0.0878906	0.854004	1	-0.412109	0.0629883	1.0625	0.419678	0.358887	0.0331624	0.0385742
44236	0.800293	0.919922	0.0878906	0.854004	1	-0.412109	0.0629883	1.0625	0.45752	0.358887	0.0333455	0.0383301
44237	0.774902	0.941895	0.0878906	0.854004	1	-0.412109	0.0629883	1.0625	0.495605	0.358887	0.0322876	0.0392456
44238	0.774902	0.929199	0.0878906	0.854004	1	-0.412109	0.0629883	1.0625	0.532715	0.358887	0.0322876	0.0387166
44239	0.774902	0.935059	0.0878906	0.854004	1	-0.412109	0.0629883	1.0625	0.569824	0.358887	0.0322876	0.0389608
44240	0.805176	0.943848	0.0878906	0.854004	1	-0.412109	0.0629883	1.0625	0.606934	0.358887	0.033549	0.039327
44241	0.802246	0.930176	0.0878906	0.854004	1	-0.412109	0.0629883	1.0625	0.645264	0.358887	0.0334269	0.0387573
44242	0.795898	0.935059	0.0878906	0.854004	1	-0.412109	0.0629883	1.0625	0.68335	0.358887	0.0331624	0.0389608
44243	0.800293	0.943848	0.0878906	0.854004	1	-0.412109	0.0629883	1.0625	0.721191	0.358887	0.0333455	0.039327
44244	0.774902	0.916016	0.0878906	0.854004	1	-0.412109	0.0629883	1.0625	0.759277	0.358887	0.0322876	0.0381673
44245	0.774902	0.916016	0.0878906	0.854004	1	-0.412109	0.0629883	1.0625	0.796387	0.358887	0.0322876	0.0381673
44246	0.827148	0.955078	0.0878906	0.854004	1	-0.412109	0.0629883	1.0625	0.833496	0.358887	0.0344645	0.0397949
44247	0.834961	0.920898	0.0849609	0.854004	1	-0.415039	0.0629883	1.0625	0.872803	0.358887	0.03479	0.0383708
44248	0.862305	0.936035	0.0878906	0.854004	1	-0.412109	0.0629883	1.0625	0.00244141	0.403564	0.0359294	0.0390015
44249	0.790039	0.929199	0.0878906	0.854004	1	-0.412109	0.0629883	1.0625	0.0432129	0.403564	0.0329183	0.0387166
44250	0.834961	0.920898	0.0878906	0.854004	1	-0.412109	0.0629883	1.0625	0.0808105	0.403564	0.03479	0.0383708
44251	0.835938	0.933105	0.0878906	0.854004	1	-0.412109	0.0629883	1.0625	0.120361	0.403564	0.0348307	0.0388794
44252	0.777344	0.941895	0.0878906	0.854004	1	-0.412109	0.0629883	1.0625	0.159912	0.403564	0.0323893	0.0392456
44253	0.79834	0.940918	0.0878906	0.854004	1	-0.412109	0.0629883	1.0625	0.197021	0.403564	0.0332642	0.0392049
44254	0.794922	0.920898	0.0878906	0.854004	1	-0.412109	0.0629883	1.0625	0.235107	0.403564	0.0331217	0.0383708
44255	0.803223	0.958008	0.0878906	0.854004	1	-0.412109	0.0629883	1.0625	0.272949	0.403564	0.0334676	0.039917
44256	0.874023	0.685059	0.0629883	0.765137	1	-0.437012	0.151855	1.0625	0.311279	0.403564	0.0364176	0.0285441
44257	0.874023	0.907715	0.0629883	0.819824	1	-0.437012	0.097168	1.0625	0.352539	0.403564	0.0364176	0.0378215
44258	0.874023	0.907715	0.0629883	0.819824	1	-0.437012	0.097168	1.0625	0.393799	0.403564	0.0364176	0.0378215
44259	0.874023	0.910645	0.0629883	0.819824	1	-0.437012	0.097168	1.0625	0.435059	0.403564	0.0364176	0.0379435
44260	0.874023	0.86084	0.0629883	0.810059	1	-0.437012	0.106934	1.0625	0.476318	0.403564	0.0364176	0.0358683
44261	0.874023	0.907715	0.0629883	0.819824	1	-0.437012	0.097168	1.0625	0.517578	0.403564	0.0364176	0.0378215
44262	0.874023	0.895996	0.0629883	0.819824	1	-0.437012	0.097168	1.0625	0.558838	0.403564	0.0364176	0.0373332
44263	0.874023	0.883789	0.0629883	0.821777	1	-0.437012	0.0952148	1.0625	0.600098	0.403564	0.0364176	0.0368245
44264	0.874023	0.891113	0.0629883	0.831055	1	-0.437012	0.0859375	1.0625	0.641357	0.403564	0.0364176	0.0371297
44265	0.874023	0.907715	0.0629883	0.819824	1	-0.437012	0.097168	1.0625	0.682617	0.403564	0.0364176	0.0378215
44266	0.874023	0.890137	0.0629883	0.828125	1	-0.437012	0.0888672	1.0625	0.723877	0.403564	0.0364176	0.037089
44267	0.874023	0.900879	0.0629883	0.819824	1	-0.437012	0.097168	1.0625	0.765137	0.403564	0.0364176	0.0375366
44268	0.874023	0.897949	0.0629883	0.828125	1	-0.437012	0.0888672	1.0625	0.806396	0.403564	0.0364176	0.0374146
44269	0.874023	0.895996	0.0629883	0.819824	1	-0.437012	0.097168	1.0625	0.847656	0.403564	0.0364176	0.0373332
44270	0.874023	0.887695	0.0629883	0.819824	1	-0.437012	0.097168	1.0625	0.888916	0.403564	0.0364176	0.0369873
44271	0.874023	0.900879	0.0629883	0.829102	1	-0.437012	0.0878906	1.0625	0.930176	0.403564	0.0364176	0.0375366
44272	0.874023	0.880859	0.0629883	0.820801	1	-0.437012	0.0961914	1.0625	0.00244141	0.448242	0.0364176	0.0367025
44273	0.874023	0.890137	0.0629883	0.828125	1	-0.437012	0.0888672	1.0625	0.0437012	0.448242	0.0364176	0.037089
44274	0.874023	0.910645	0.0629883	0.819824	1	-0.437012	0.097168	1.0625	0.0849609	0.448242	0.0364176	0.0379435
44275	0.874023	0.881836	0.0629883	0.814941	1	-0.437012	0.102051	1.0625	0.126221	0.448242	0.0364176	0.0367432
44276	0.874023	0.908691	0.0629883	0.819824	1	-0.437012	0.097168	1.0625	0.16748	0.448242	0.0364176	0.0378621
44277	0.874023	0.897949	0.0629883	0.825195	1	-0.437012	0.0917969	1.0625	0.20874	0.448242	0.0364176	0.0374146
44278	0.874023	0.888672	0.0629883	0.821777	1	-0.437012	0.0952148	1.0625	0.25	0.448242	0.0364176	0.037028
44279	0.874023	0.906738	0.0629883	0.819824	1	-0.437012	0.097168	1.0625	0.29126	0.448242	0.0364176	0.0377808
44280	0.874023	0.907715	0.0629883	0.819824	1	-0.437012	0.097168	1.0625	0.33252	0.448242	0.0364176	0.0378215
44281	0.874023	0.890625	0.0629883	0.819824	1	-0.437012	0.097168	1.0625	0.373779	0.448242	0.0364176	0.0371094
44282	0.874023	0.891602	0.0629883	0.819824	1	-0.437012	0.097168	1.0625	0.415039	0.448242	0.0364176	0.0371501
44283	0.874023	0.903809	0.0629883	0.819824	1	-0.437012	0.097168	1.0625	0.456299	0.448242	0.0364176	0.0376587
44284	0.929688	0.941895	0.0371094	0.854004	1	-0.462891	0.0629883	1.0625	0.497559	0.448242	0.038737	0.0392456
44285	0.905273	0.941895	0.046875	0.854004	1	-0.453125	0.0629883	1.0625	0.541016	0.448242	0.0377197	0.0392456
44286	0.899902	0.941895	0.0522461	0.854004	1	-0.447754	0.0629883	1.0625	0.583496	0.448242	0.0374959	0.0392456
44287	0.899902	0.951172	0.0522461	0.854004	1	-0.447754	0.0629883	1.0625	0.625732	0.448242	0.0374959	0.0396322
44288	0.89502	0.910156	0.0571289	0.854004	1	-0.442871	0.0629883	1.0625	0.667969	0.448242	0.0372925	0.0379232
44289	0.899902	0.959961	0.0522461	0.854004	1	-0.447754	0.0629883	1.0625	0.709961	0.448242	0.0374959	0.0399984
44290	0.899902	0.946777	0.0522461	0.854004	1	-0.447754	0.0629883	1.0625	0.752197	0.448242	0.0374959	0.0394491
44291	0.899902	0.916016	0.0522461	0.854004	1	-0.447754	0.0629883	1.0625	0.794434	0.448242	0.0374959	0.0381673
44292	0.89502	0.914062	0.0571289	0.854004	1	-0.442871	0.0629883	1.0625	0.83667	0.448242	0.0372925	0.0380859
44293	0.899902	0.941895	0.0522461	0.854004	1	-0.447754	0.0629883	1.0625	0.878662	0.448242	0.0374959	0.0392456
44294	0.89502	0.916016	0.0571289	0.854004	1	-0.442871	0.0629883	1.0625	0.920898	0.448242	0.0372925	0.0381673
44295	0.899902	0.935059	0.0522461	0.854004	1	-0.447754	0.0629883	1.0625	0.962891	0.448242	0.0374959	0.0389608
44296	0.899902	0.945801	0.0522461	0.854004	1	-0.447754	0.0629883	1.0625	0.00244141	0.49292	0.0374959	0.0394084
44297	0.899902	0.939941	0.0522461	0.854004	1	-0.447754	0.0629883	1.0625	0.0446777	0.49292	0.0374959	0.0391642
44298	0.899902	0.938965	0.0522461	0.854004	1	-0.447754	0.0629883	1.0625	0.0869141	0.49292	0.0374959	0.0391235
44299	0.899902	0.944824	0.0522461	0.854004	1	-0.447754	0.0629883	1.0625	0.12915	0.49292	0.0374959	0.0393677
44300	0.89502	0.90918	0.0571289	0.854004	1	-0.442871	0.0629883	1.0625	0.171387	0.49292	0.0372925	0.0378825
44301	0.89502	0.916016	0.0571289	0.854004	1	-0.442871	0.0629883	1.0625	0.213379	0.49292	0.0372925	0.0381673
44302	0.899902	0.955078	0.0522461	0.854004	1	-0.447754	0.0629883	1.0625	0.255371	0.49292	0.0374959	0.0397949
44303	0.89502	0.922852	0.0571289	0.854004	1	-0.442871	0.0629883	1.0625	0.297607	0.49292	0.0372925	0.0384521
44304	0.899902	0.940918	0.0522461	0.854004	1	-0.447754	0.0629883	1.0625	0.3396	0.49292	0.0374959	0.0392049
44305	0.895996	0.929199	0.0571289	0.854004	1	-0.442871	0.0629883	1.0625	0.381836	0.49292	0.0373332	0.0387166
44306	0.899902	0.940918	0.0522461	0.854004	1	-0.447754	0.0629883	1.0625	0.423828	0.49292	0.0374959	0.0392049
44307	0.899902	0.936035	0.0522461	0.854004	1	-0.447754	0.0629883	1.0625	0.466064	0.49292	0.0374959	0.0390015
44308	0.899902	0.941895	0.0522461	0.854004	1	-0.447754	0.0629883	1.0625	0.508301	0.49292	0.0374959	0.0392456
44309	0.899902	0.934082	0.0522461	0.854004	1	-0.447754	0.0629883	1.0625	0.550537	0.49292	0.0374959	0.0389201
44310	0.899902	0.925781	0.0522461	0.854004	1	-0.447754	0.0629883	1.0625	0.592773	0.49292	0.0374959	0.0385742
44311	0.899902	0.940918	0.0522461	0.854004	1	-0.447754	0.0629883	1.0625	0.63501	0.49292	0.0374959	0.0392049
44312	0.805664	0.941895	0.0581055	0.854004	1	-0.441895	0.0629883	1.0625	0.677246	0.49292	0.0335693	0.0392456
44313	0.787109	0.941895	0.0649414	0.854004	1	-0.435059	0.0629883	1.0625	0.715576	0.49292	0.0327962	0.0392456
44314	0.787109	0.941895	0.0649414	0.854004	1	-0.435059	0.0629883	1.0625	0.753174	0.49292	0.0327962	0.0392456
44315	0.815918	0.951172	0.0649414	0.854004	1	-0.435059	0.0629883	1.0625	0.790771	0.49292	0.0339966	0.0396322
44316	0.809082	0.899902	0.065918	0.854004	1	-0.434082	0.0629883	1.0625	0.82959	0.49292	0.0337118	0.0374959
44317	0.835938	0.955078	0.0649414	0.854004	1	-0.435059	0.0629883	1.0625	0.868164	0.49292	0.0348307	0.0397949
44318	0.806152	0.942871	0.0649414	0.854004	1	-0.435059	0.0629883	1.0625	0.907715	0.49292	0.0335897	0.0392863
44319	0.811035	0.919922	0.0649414	0.854004	1	-0.435059	0.0629883	1.0625	0.946045	0.49292	0.0337931	0.0383301
44320	0.809082	0.914062	0.065918	0.854004	1	-0.434082	0.0629883	1.0625	0.00244141	0.537598	0.0337118	0.0380859
44321	0.787109	0.941895	0.0649414	0.854004	1	-0.435059	0.0629883	1.0625	0.0410156	0.537598	0.0327962	0.0392456
44322	0.787109	0.932129	0.0649414	0.854004	1	-0.435059	0.0629883	1.0625	0.0786133	0.537598	0.0327962	0.0388387
44323	0.787109	0.935059	0.0649414	0.854004	1	-0.435059	0.0629883	1.0625	0.116211	0.537598	0.0327962	0.0389608
44324	0.825195	0.954102	0.0649414	0.854004	1	-0.435059	0.0629883	1.0625	0.153809	0.537598	0.0343831	0.0397542
44325	0.812012	0.935059	0.0649414	0.854004	1	-0.435059	0.0629883	1.0625	0.192871	0.537598	0.0338338	0.0389608
44326	0.798828	0.929199	0.0649414	0.854004	1	-0.435059	0.0629883	1.0625	0.231445	0.537598	0.0332845	0.0387166
44327	0.804199	0.944824	0.0649414	0.854004	1	-0.435059	0.0629883	1.0625	0.269531	0.537598	0.0335083	0.0393677
44328	0.787109	0.925781	0.0649414	0.854004	1	-0.435059	0.0629883	1.0625	0.307861	0.537598	0.0327962	0.0385742
44329	0.795898	0.916016	0.0561523	0.854004	1	-0.443848	0.0629883	1.0625	0.345459	0.537598	0.0331624	0.0381673
44330	0.84082	0.955078	0.0649414	0.854004	1	-0.435059	0.0629883	1.0625	0.383301	0.537598	0.0350342	0.0397949
44331	0.816895	0.922852	0.0649414	0.854004	1	-0.435059	0.0629883	1.0625	0.423096	0.537598	0.0340373	0.0384521
44332	0.89209	0.940918	0.0561523	0.854004	1	-0.443848	0.0629883	1.0625	0.461914	0.537598	0.0371704	0.0392049
44333	0.814453	0.929199	0.0507812	0.854004	1	-0.449219	0.0629883	1.0625	0.503906	0.537598	0.0339355	0.0387166
44334	0.839844	0.938965	0.0649414	0.854004	1	-0.435059	0.0629883	1.0625	0.542725	0.537598	0.0349935	0.0391235
44335	0.839844	0.935059	0.0649414	0.854004	1	-0.435059	0.0629883	1.0625	0.58252	0.537598	0.0349935	0.0389608
44336	0.787109	0.941895	0.0649414	0.854004	1	-0.435059	0.0629883	1.0625	0.622314	0.537598	0.0327962	0.0392456
44337	0.795898	0.930176	0.0649414	0.854004	1	-0.435059	0.0629883	1.0625	0.659912	0.537598	0.0331624	0.0387573
44338	0.808105	0.923828	0.0649414	0.854004	1	-0.435059	0.0629883	1.0625	0.697754	0.537598	0.0336711	0.0384928
44339	0.816895	0.940918	0.0649414	0.854004	1	-0.435059	0.0629883	1.0625	0.736084	0.537598	0.0340373	0.0392049
44340	0.782227	0.941895	0.0698242	0.854004	1	-0.430176	0.0629883	1.0625	0.774902	0.537598	0.0325928	0.0392456
44341	0.759766	0.941895	0.078125	0.854004	1	-0.421875	0.0629883	1.0625	0.812256	0.537598	0.0316569	0.0392456
44342	0.758789	0.941895	0.0522461	0.854004	1	-0.447754	0.0629883	1.0625	0.848633	0.537598	0.0316162	0.0392456
44343	0.828613	0.951172	0.0522461	0.854004	1	-0.447754	0.0629883	1.0625	0.88501	0.537598	0.0345256	0.0396322
44344	0.784668	0.910156	0.078125	0.854004	1	-0.421875	0.0629883	1.0625	0.00244141	0.582275	0.0326945	0.0379232
44345	0.818848	0.959961	0.0522461	0.854004	1	-0.447754	0.0629883	1.0625	0.0397949	0.582275	0.0341187	0.0399984
44346	0.786621	0.946777	0.0522461	0.854004	1	-0.447754	0.0629883	1.0625	0.0786133	0.582275	0.0327759	0.0394491
44347	0.783691	0.916016	0.0522461	0.854004	1	-0.447754	0.0629883	1.0625	0.116211	0.582275	0.0326538	0.0381673
44348	0.773926	0.914062	0.0888672	0.854004	1	-0.411133	0.0629883	1.0625	0.153564	0.582275	0.0322469	0.0380859
44349	0.758789	0.941895	0.0522461	0.854004	1	-0.447754	0.0629883	1.0625	0.190674	0.582275	0.0316162	0.0392456
44350	0.758789	0.936035	0.0522461	0.854004	1	-0.447754	0.0629883	1.0625	0.227051	0.582275	0.0316162	0.0390015
44351	0.758789	0.935059	0.0522461	0.854004	1	-0.447754	0.0629883	1.0625	0.263428	0.582275	0.0316162	0.0389608
44352	0.827637	0.945801	0.0522461	0.854004	1	-0.447754	0.0629883	1.0625	0.299805	0.582275	0.0344849	0.0394084
44353	0.782715	0.939941	0.0522461	0.854004	1	-0.447754	0.0629883	1.0625	0.339111	0.582275	0.0326131	0.0391642
44354	0.784668	0.938965	0.0522461	0.854004	1	-0.447754	0.0629883	1.0625	0.376465	0.582275	0.0326945	0.0391235
44355	0.794922	0.944824	0.0522461	0.854004	1	-0.447754	0.0629883	1.0625	0.413818	0.582275	0.0331217	0.0393677
44356	0.749023	0.90918	0.0898438	0.854004	1	-0.410156	0.0629883	1.0625	0.45166	0.582275	0.0312093	0.0378825
44357	0.749023	0.916016	0.0888672	0.854004	1	-0.411133	0.0629883	1.0625	0.487549	0.582275	0.0312093	0.0381673
44358	0.852539	0.955078	0.0522461	0.854004	1	-0.447754	0.0629883	1.0625	0.523438	0.582275	0.0355225	0.0397949
44359	0.819336	0.922852	0.0878906	0.854004	1	-0.412109	0.0629883	1.0625	0.563721	0.582275	0.034139	0.0384521
44360	0.871582	0.940918	0.0522461	0.854004	1	-0.447754	0.0629883	1.0625	0.602539	0.582275	0.0363159	0.0392049
44361	0.762695	0.929199	0.0791016	0.854004	1	-0.420898	0.0629883	1.0625	0.643555	0.582275	0.031779	0.0387166
44362	0.812988	0.940918	0.0522461	0.854004	1	-0.447754	0.0629883	1.0625	0.680176	0.582275	0.0338745	0.0392049
44363	0.808594	0.936035	0.0522461	0.854004	1	-0.447754	0.0629883	1.0625	0.71875	0.582275	0.0336914	0.0390015
44364	0.758789	0.941895	0.0522461	0.854004	1	-0.447754	0.0629883	1.0625	0.757324	0.582275	0.0316162	0.0392456
44365	0.768555	0.934082	0.0522461	0.854004	1	-0.447754	0.0629883	1.0625	0.793701	0.582275	0.0320231	0.0389201
44366	0.785645	0.925781	0.0522461	0.854004	1	-0.447754	0.0629883	1.0625	0.830566	0.582275	0.0327352	0.0385742
44367	0.799805	0.940918	0.0522461	0.854004	1	-0.447754	0.0629883	1.0625	0.868164	0.582275	0.0333252	0.0392049
44368	0.874023	0.693359	0.0629883	0.765137	1	-0.437012	0.151855	1.0625	0.00244141	0.626953	0.0364176	0.02889
44369	0.874023	0.907715	0.0629883	0.819824	1	-0.437012	0.097168	1.0625	0.0437012	0.626953	0.0364176	0.0378215
44370	0.874023	0.907715	0.0629883	0.819824	1	-0.437012	0.097168	1.0625	0.0849609	0.626953	0.0364176	0.0378215
44371	0.874023	0.910645	0.0639648	0.819824	1	-0.436035	0.097168	1.0625	0.126221	0.626953	0.0364176	0.0379435
44372	0.874023	0.86084	0.0629883	0.810059	1	-0.437012	0.106934	1.0625	0.16748	0.626953	0.0364176	0.0358683
44373	0.874023	0.907715	0.0629883	0.819824	1	-0.437012	0.097168	1.0625	0.20874	0.626953	0.0364176	0.0378215
44374	0.874023	0.895996	0.0629883	0.819824	1	-0.437012	0.097168	1.0625	0.25	0.626953	0.0364176	0.0373332
44375	0.874023	0.891602	0.0629883	0.819824	1	-0.437012	0.097168	1.0625	0.29126	0.626953	0.0364176	0.0371501
44376	0.874023	0.891113	0.0629883	0.831055	1	-0.437012	0.0859375	1.0625	0.33252	0.626953	0.0364176	0.0371297
44377	0.874023	0.907715	0.0629883	0.819824	1	-0.437012	0.097168	1.0625	0.373779	0.626953	0.0364176	0.0378215
44378	0.874023	0.891602	0.0629883	0.819824	1	-0.437012	0.097168	1.0625	0.415039	0.626953	0.0364176	0.0371501
44379	0.874023	0.900879	0.0629883	0.819824	1	-0.437012	0.097168	1.0625	0.456299	0.626953	0.0364176	0.0375366
44380	0.874023	0.909668	0.0629883	0.819824	1	-0.437012	0.097168	1.0625	0.497559	0.626953	0.0364176	0.0379028
44381	0.874023	0.895996	0.0629883	0.819824	1	-0.437012	0.097168	1.0625	0.538818	0.626953	0.0364176	0.0373332
44382	0.874023	0.887695	0.0629883	0.819824	1	-0.437012	0.097168	1.0625	0.580078	0.626953	0.0364176	0.0369873
44383	0.874023	0.901855	0.0629883	0.819824	1	-0.437012	0.097168	1.0625	0.621338	0.626953	0.0364176	0.0375773
44384	0.874023	0.879883	0.0629883	0.819824	1	-0.437012	0.097168	1.0625	0.662598	0.626953	0.0364176	0.0366618
44385	0.874023	0.890137	0.0629883	0.828125	1	-0.437012	0.0888672	1.0625	0.703857	0.626953	0.0364176	0.037089
44386	0.874023	0.910645	0.0629883	0.819824	1	-0.437012	0.097168	1.0625	0.745117	0.626953	0.0364176	0.0379435
44387	0.874023	0.881836	0.0629883	0.814941	1	-0.437012	0.102051	1.0625	0.786377	0.626953	0.0364176	0.0367432
44388	0.874023	0.908691	0.0629883	0.819824	1	-0.437012	0.097168	1.0625	0.827637	0.626953	0.0364176	0.0378621
44389	0.874023	0.892578	0.0629883	0.819824	1	-0.437012	0.097168	1.0625	0.868896	0.626953	0.0364176	0.0371908
44390	0.874023	0.886719	0.0629883	0.819824	1	-0.437012	0.097168	1.0625	0.910156	0.626953	0.0364176	0.0369466
44391	0.874023	0.906738	0.0629883	0.819824	1	-0.437012	0.097168	1.0625	0.951416	0.626953	0.0364176	0.0377808
44392	0.874023	0.907715	0.0629883	0.819824	1	-0.437012	0.097168	1.0625	0.00244141	0.669678	0.0364176	0.0378215
44393	0.874023	0.890625	0.0629883	0.819824	1	-0.437012	0.097168	1.0625	0.0437012	0.669678	0.0364176	0.0371094
44394	0.874023	0.891602	0.0629883	0.819824	1	-0.437012	0.097168	1.0625	0.0849609	0.669678	0.0364176	0.0371501
44395	0.874023	0.903809	0.0629883	0.819824	1	-0.437012	0.097168	1.0625	0.126221	0.669678	0.0364176	0.0376587
44396	0.874023	0.900879	0.0629883	0.812988	1	-0.437012	0.104004	1.0625	0.16748	0.669678	0.0364176	0.0375366
44397	0.874023	0.911133	0.0629883	0.823242	1	-0.437012	0.09375	1.0625	0.20874	0.669678	0.0364176	0.0379639
44398	0.874023	0.916992	0.0629883	0.829102	1	-0.437012	0.0878906	1.0625	0.25	0.669678	0.0364176	0.038208
44399	0.874023	0.919922	0.0629883	0.829102	1	-0.437012	0.0878906	1.0625	0.29126	0.669678	0.0364176	0.0383301
44400	0.874023	0.859863	0.0629883	0.812988	1	-0.437012	0.104004	1.0625	0.33252	0.669678	0.0364176	0.0358276
44401	0.874023	0.916992	0.0629883	0.829102	1	-0.437012	0.0878906	1.0625	0.373779	0.669678	0.0364176	0.038208
44402	0.874023	0.905273	0.0629883	0.829102	1	-0.437012	0.0878906	1.0625	0.415039	0.669678	0.0364176	0.0377197
44403	0.874023	0.885254	0.0629883	0.823242	1	-0.437012	0.09375	1.0625	0.456299	0.669678	0.0364176	0.0368856
44404	0.874023	0.88916	0.0629883	0.829102	1	-0.437012	0.0878906	1.0625	0.497559	0.669678	0.0364176	0.0370483
44405	0.874023	0.915039	0.0629883	0.829102	1	-0.437012	0.0878906	1.0625	0.538818	0.669678	0.0364176	0.0381266
44406	0.874023	0.891113	0.0629883	0.829102	1	-0.437012	0.0878906	1.0625	0.580078	0.669678	0.0364176	0.0371297
44407	0.874023	0.910156	0.0629883	0.829102	1	-0.437012	0.0878906	1.0625	0.621338	0.669678	0.0364176	0.0379232
44408	0.874023	0.918945	0.0629883	0.829102	1	-0.437012	0.0878906	1.0625	0.662598	0.669678	0.0364176	0.0382894
44409	0.874023	0.905273	0.0629883	0.829102	1	-0.437012	0.0878906	1.0625	0.703857	0.669678	0.0364176	0.0377197
44410	0.874023	0.901855	0.0629883	0.829102	1	-0.437012	0.0878906	1.0625	0.745117	0.669678	0.0364176	0.0375773
44411	0.874023	0.899902	0.0629883	0.829102	1	-0.437012	0.0878906	1.0625	0.786377	0.669678	0.0364176	0.0374959
44412	0.874023	0.883301	0.0629883	0.823242	1	-0.437012	0.09375	1.0625	0.827637	0.669678	0.0364176	0.0368042
44413	0.874023	0.887207	0.0629883	0.825195	1	-0.437012	0.0917969	1.0625	0.868896	0.669678	0.0364176	0.036967
44414	0.874023	0.919922	0.0629883	0.829102	1	-0.437012	0.0878906	1.0625	0.910156	0.669678	0.0364176	0.0383301
44415	0.874023	0.89209	0.0629883	0.825195	1	-0.437012	0.0917969	1.0625	0.951416	0.669678	0.0364176	0.0371704
44416	0.874023	0.917969	0.0629883	0.829102	1	-0.437012	0.0878906	1.0625	0.00244141	0.712891	0.0364176	0.0382487
44417	0.874023	0.893555	0.0629883	0.820801	1	-0.437012	0.0961914	1.0625	0.0437012	0.712891	0.0364176	0.0372314
44418	0.874023	0.893066	0.0629883	0.826172	1	-0.437012	0.0908203	1.0625	0.0849609	0.712891	0.0364176	0.0372111
44419	0.874023	0.918945	0.0629883	0.829102	1	-0.437012	0.0878906	1.0625	0.126221	0.712891	0.0364176	0.0382894
44420	0.874023	0.916992	0.0629883	0.829102	1	-0.437012	0.0878906	1.0625	0.16748	0.712891	0.0364176	0.038208
44421	0.874023	0.908203	0.0629883	0.829102	1	-0.437012	0.0878906	1.0625	0.20874	0.712891	0.0364176	0.0378418
44422	0.874023	0.900879	0.0629883	0.829102	1	-0.437012	0.0878906	1.0625	0.25	0.712891	0.0364176	0.0375366
44423	0.874023	0.916992	0.0629883	0.829102	1	-0.437012	0.0878906	1.0625	0.29126	0.712891	0.0364176	0.038208
44424	0.783203	0.941895	0.0708008	0.854004	1	-0.429199	0.0629883	1.0625	0.33252	0.712891	0.0326335	0.0392456
44425	0.766113	0.941895	0.0859375	0.854004	1	-0.414062	0.0629883	1.0625	0.369873	0.712891	0.0319214	0.0392456
44426	0.766113	0.941895	0.0449219	0.854004	1	-0.455078	0.0629883	1.0625	0.406494	0.712891	0.0319214	0.0392456
44427	0.835938	0.951172	0.0449219	0.854004	1	-0.455078	0.0629883	1.0625	0.443115	0.712891	0.0348307	0.0396322
44428	0.789062	0.914062	0.0859375	0.854004	1	-0.414062	0.0629883	1.0625	0.482666	0.712891	0.0328776	0.0380859
44429	0.813965	0.955078	0.0449219	0.854004	1	-0.455078	0.0629883	1.0625	0.520264	0.712891	0.0339152	0.0397949
44430	0.783203	0.953125	0.0449219	0.854004	1	-0.455078	0.0629883	1.0625	0.558838	0.712891	0.0326335	0.0397135
44431	0.791016	0.928223	0.0449219	0.854004	1	-0.455078	0.0629883	1.0625	0.596191	0.712891	0.032959	0.0386759
44432	0.786133	0.919922	0.0908203	0.854004	1	-0.40918	0.0629883	1.0625	0.634033	0.712891	0.0327555	0.0383301
44433	0.766113	0.941895	0.0449219	0.854004	1	-0.455078	0.0629883	1.0625	0.671631	0.712891	0.0319214	0.0392456
44434	0.766113	0.941895	0.0449219	0.854004	1	-0.455078	0.0629883	1.0625	0.708252	0.712891	0.0319214	0.0392456
44435	0.766113	0.935059	0.0449219	0.854004	1	-0.455078	0.0629883	1.0625	0.744873	0.712891	0.0319214	0.0389608
44436	0.835938	0.954102	0.0449219	0.854004	1	-0.455078	0.0629883	1.0625	0.781494	0.712891	0.0348307	0.0397542
44437	0.791992	0.935059	0.0449219	0.854004	1	-0.455078	0.0629883	1.0625	0.821045	0.712891	0.0329997	0.0389608
44438	0.791992	0.938965	0.0449219	0.854004	1	-0.455078	0.0629883	1.0625	0.858887	0.712891	0.0329997	0.0391235
44439	0.791992	0.950195	0.0449219	0.854004	1	-0.455078	0.0629883	1.0625	0.896729	0.712891	0.0329997	0.0395915
44440	0.766113	0.90918	0.0449219	0.854004	1	-0.455078	0.0629883	1.0625	0.00244141	0.757568	0.0319214	0.0378825
44441	0.766113	0.931152	0.0449219	0.854004	1	-0.455078	0.0629883	1.0625	0.0390625	0.757568	0.0319214	0.038798
44442	0.855957	0.957031	0.0449219	0.854004	1	-0.455078	0.0629883	1.0625	0.0756836	0.757568	0.0356649	0.0398763
44443	0.841309	0.942871	0.0449219	0.854004	1	-0.455078	0.0629883	1.0625	0.116211	0.757568	0.0350545	0.0392863
44444	0.867188	0.940918	0.0810547	0.854004	1	-0.418945	0.0629883	1.0625	0.156006	0.757568	0.0361328	0.0392049
44445	0.785156	0.929199	0.0810547	0.854004	1	-0.418945	0.0629883	1.0625	0.197021	0.757568	0.0327148	0.0387166
44446	0.820312	0.940918	0.0449219	0.854004	1	-0.455078	0.0629883	1.0625	0.234619	0.757568	0.0341797	0.0392049
44447	0.822266	0.937988	0.0449219	0.854004	1	-0.455078	0.0629883	1.0625	0.273682	0.757568	0.0342611	0.0390828
44448	0.766113	0.941895	0.0449219	0.854004	1	-0.455078	0.0629883	1.0625	0.312744	0.757568	0.0319214	0.0392456
44449	0.776855	0.934082	0.0449219	0.854004	1	-0.455078	0.0629883	1.0625	0.349365	0.757568	0.032369	0.0389201
44450	0.792969	0.925781	0.0449219	0.854004	1	-0.455078	0.0629883	1.0625	0.386475	0.757568	0.0330404	0.0385742
44451	0.807129	0.942871	0.0449219	0.854004	1	-0.455078	0.0629883	1.0625	0.424316	0.757568	0.0336304	0.0392863
44452	0.80957	0.941895	0.0532227	0.854004	1	-0.446777	0.0629883	1.0625	0.462646	0.757568	0.0337321	0.0392456
44453	0.803711	0.941895	0.0522461	0.854004	1	-0.447754	0.0629883	1.0625	0.501221	0.757568	0.033488	0.0392456
44454	0.803711	0.941895	0.0522461	0.854004	1	-0.447754	0.0629883	1.0625	0.539551	0.757568	0.033488	0.0392456
44455	0.838867	0.951172	0.0522461	0.854004	1	-0.447754	0.0629883	1.0625	0.577881	0.757568	0.0349528	0.0396322
44456	0.821777	0.905762	0.0522461	0.854004	1	-0.447754	0.0629883	1.0625	0.617676	0.757568	0.0342407	0.0377401
44457	0.848633	0.955078	0.0522461	0.854004	1	-0.447754	0.0629883	1.0625	0.656738	0.757568	0.0353597	0.0397949
44458	0.803711	0.953125	0.0522461	0.854004	1	-0.447754	0.0629883	1.0625	0.696777	0.757568	0.033488	0.0397135
44459	0.82373	0.930176	0.0522461	0.854004	1	-0.447754	0.0629883	1.0625	0.735107	0.757568	0.0343221	0.0387573
44460	0.828613	0.938965	0.0522461	0.854004	1	-0.447754	0.0629883	1.0625	0.77417	0.757568	0.0345256	0.0391235
44461	0.803711	0.941895	0.0522461	0.854004	1	-0.447754	0.0629883	1.0625	0.813477	0.757568	0.033488	0.0392456
44462	0.803711	0.941895	0.0522461	0.854004	1	-0.447754	0.0629883	1.0625	0.851807	0.757568	0.033488	0.0392456
44463	0.803711	0.935059	0.0522461	0.854004	1	-0.447754	0.0629883	1.0625	0.890137	0.757568	0.033488	0.0389608
44464	0.837891	0.954102	0.0522461	0.854004	1	-0.447754	0.0629883	1.0625	0.00244141	0.802246	0.0349121	0.0397542
44465	0.824707	0.929199	0.0522461	0.854004	1	-0.447754	0.0629883	1.0625	0.0422363	0.802246	0.0343628	0.0387166
44466	0.813965	0.938965	0.0522461	0.854004	1	-0.447754	0.0629883	1.0625	0.0812988	0.802246	0.0339152	0.0391235
44467	0.814941	0.949219	0.0522461	0.854004	1	-0.447754	0.0629883	1.0625	0.119873	0.802246	0.0339559	0.0395508
44468	0.804688	0.929199	0.0522461	0.854004	1	-0.447754	0.0629883	1.0625	0.158691	0.802246	0.0335286	0.0387166
44469	0.803711	0.932129	0.0522461	0.854004	1	-0.447754	0.0629883	1.0625	0.197021	0.802246	0.033488	0.0388387
44470	0.852539	0.955078	0.0522461	0.854004	1	-0.447754	0.0629883	1.0625	0.235352	0.802246	0.0355225	0.0397949
44471	0.839355	0.922852	0.0478516	0.854004	1	-0.452148	0.0629883	1.0625	0.275635	0.802246	0.0349731	0.0384521
44472	0.881836	0.940918	0.0522461	0.854004	1	-0.447754	0.0629883	1.0625	0.31543	0.802246	0.0367432	0.0392049
44473	0.803711	0.928223	0.0522461	0.854004	1	-0.447754	0.0629883	1.0625	0.356934	0.802246	0.033488	0.0386759
44474	0.855957	0.936035	0.0522461	0.854004	1	-0.447754	0.0629883	1.0625	0.395264	0.802246	0.0356649	0.0390015
44475	0.848633	0.940918	0.0522461	0.854004	1	-0.447754	0.0629883	1.0625	0.435791	0.802246	0.0353597	0.0392049
44476	0.803711	0.941895	0.0522461	0.854004	1	-0.447754	0.0629883	1.0625	0.47583	0.802246	0.033488	0.0392456
44477	0.811523	0.933105	0.0522461	0.854004	1	-0.447754	0.0629883	1.0625	0.51416	0.802246	0.0338135	0.0388794
44478	0.818848	0.932129	0.0522461	0.854004	1	-0.447754	0.0629883	1.0625	0.552734	0.802246	0.0341187	0.0388387
44479	0.82959	0.943848	0.0522461	0.854004	1	-0.447754	0.0629883	1.0625	0.591553	0.802246	0.0345662	0.039327
44480	0.788086	0.941895	0.065918	0.854004	1	-0.434082	0.0629883	1.0625	0.630859	0.802246	0.0328369	0.0392456
44481	0.770996	0.941895	0.0810547	0.854004	1	-0.418945	0.0629883	1.0625	0.668457	0.802246	0.0321248	0.0392456
44482	0.766113	0.941895	0.0449219	0.854004	1	-0.455078	0.0629883	1.0625	0.705322	0.802246	0.0319214	0.0392456
44483	0.835938	0.951172	0.0449219	0.854004	1	-0.455078	0.0629883	1.0625	0.741943	0.802246	0.0348307	0.0396322
44484	0.793945	0.903809	0.0810547	0.854004	1	-0.418945	0.0629883	1.0625	0.781494	0.802246	0.0330811	0.0376587
44485	0.813965	0.955078	0.0449219	0.854004	1	-0.455078	0.0629883	1.0625	0.819336	0.802246	0.0339152	0.0397949
44486	0.783203	0.953125	0.0449219	0.854004	1	-0.455078	0.0629883	1.0625	0.85791	0.802246	0.0326335	0.0397135
44487	0.791016	0.928223	0.0449219	0.854004	1	-0.455078	0.0629883	1.0625	0.895264	0.802246	0.032959	0.0386759
44488	0.791016	0.919922	0.0859375	0.854004	1	-0.414062	0.0629883	1.0625	0.00244141	0.846924	0.032959	0.0383301
44489	0.766113	0.941895	0.0449219	0.854004	1	-0.455078	0.0629883	1.0625	0.0402832	0.846924	0.0319214	0.0392456
44490	0.766113	0.941895	0.0449219	0.854004	1	-0.455078	0.0629883	1.0625	0.0769043	0.846924	0.0319214	0.0392456
44491	0.766113	0.935059	0.0449219	0.854004	1	-0.455078	0.0629883	1.0625	0.113525	0.846924	0.0319214	0.0389608
44492	0.835938	0.954102	0.0449219	0.854004	1	-0.455078	0.0629883	1.0625	0.150146	0.846924	0.0348307	0.0397542
44493	0.791992	0.935059	0.0449219	0.854004	1	-0.455078	0.0629883	1.0625	0.189697	0.846924	0.0329997	0.0389608
44494	0.791992	0.938965	0.0449219	0.854004	1	-0.455078	0.0629883	1.0625	0.227539	0.846924	0.0329997	0.0391235
44495	0.791992	0.950195	0.0449219	0.854004	1	-0.455078	0.0629883	1.0625	0.265381	0.846924	0.0329997	0.0395915
44496	0.770996	0.90918	0.0810547	0.854004	1	-0.418945	0.0629883	1.0625	0.303223	0.846924	0.0321248	0.0378825
44497	0.770996	0.911133	0.0810547	0.854004	1	-0.418945	0.0629883	1.0625	0.340088	0.846924	0.0321248	0.0379639
44498	0.855957	0.957031	0.0449219	0.854004	1	-0.455078	0.0629883	1.0625	0.376953	0.846924	0.0356649	0.0398763
44499	0.849609	0.922852	0.0761719	0.854004	1	-0.423828	0.0629883	1.0625	0.41748	0.846924	0.0354004	0.0384521
44500	0.862305	0.940918	0.0449219	0.854004	1	-0.455078	0.0629883	1.0625	0.457764	0.846924	0.0359294	0.0392049
44501	0.770996	0.929199	0.0449219	0.854004	1	-0.455078	0.0629883	1.0625	0.498535	0.846924	0.0321248	0.0387166
44502	0.820312	0.940918	0.0449219	0.854004	1	-0.455078	0.0629883	1.0625	0.5354	0.846924	0.0341797	0.0392049
44503	0.822266	0.937988	0.0449219	0.854004	1	-0.455078	0.0629883	1.0625	0.574463	0.846924	0.0342611	0.0390828
44504	0.766113	0.941895	0.0449219	0.854004	1	-0.455078	0.0629883	1.0625	0.613525	0.846924	0.0319214	0.0392456
44505	0.776855	0.934082	0.0449219	0.854004	1	-0.455078	0.0629883	1.0625	0.650146	0.846924	0.032369	0.0389201
44506	0.792969	0.925781	0.0449219	0.854004	1	-0.455078	0.0629883	1.0625	0.687256	0.846924	0.0330404	0.0385742
44507	0.807129	0.942871	0.0449219	0.854004	1	-0.455078	0.0629883	1.0625	0.725098	0.846924	0.0336304	0.0392863
44508	0.874023	0.900879	0.0629883	0.812988	1	-0.437012	0.104004	1.0625	0.763428	0.846924	0.0364176	0.0375366
44509	0.874023	0.912109	0.0629883	0.824219	1	-0.437012	0.0927734	1.0625	0.804688	0.846924	0.0364176	0.0380046
44510	0.874023	0.912109	0.0629883	0.824219	1	-0.437012	0.0927734	1.0625	0.845947	0.846924	0.0364176	0.0380046
44511	0.874023	0.915039	0.0629883	0.824219	1	-0.437012	0.0927734	1.0625	0.887207	0.846924	0.0364176	0.0381266
44512	0.874023	0.859863	0.0629883	0.812988	1	-0.437012	0.104004	1.0625	0.00244141	0.891602	0.0364176	0.0358276
44513	0.874023	0.922363	0.0629883	0.824219	1	-0.437012	0.0927734	1.0625	0.0437012	0.891602	0.0364176	0.0384318
44514	0.874023	0.930176	0.0629883	0.824219	1	-0.437012	0.0927734	1.0625	0.0849609	0.891602	0.0364176	0.0387573
44515	0.874023	0.88623	0.0629883	0.824219	1	-0.437012	0.0927734	1.0625	0.126221	0.891602	0.0364176	0.0369263
44516	0.874023	0.88916	0.0629883	0.829102	1	-0.437012	0.0878906	1.0625	0.16748	0.891602	0.0364176	0.0370483
44517	0.874023	0.910156	0.0629883	0.824219	1	-0.437012	0.0927734	1.0625	0.20874	0.891602	0.0364176	0.0379232
44518	0.874023	0.88623	0.0629883	0.824219	1	-0.437012	0.0927734	1.0625	0.25	0.891602	0.0364176	0.0369263
44519	0.874023	0.905273	0.0629883	0.824219	1	-0.437012	0.0927734	1.0625	0.29126	0.891602	0.0364176	0.0377197
44520	0.874023	0.917969	0.0629883	0.824219	1	-0.437012	0.0927734	1.0625	0.33252	0.891602	0.0364176	0.0382487
44521	0.874023	0.900391	0.0629883	0.824219	1	-0.437012	0.0927734	1.0625	0.373779	0.891602	0.0364176	0.0375163
44522	0.874023	0.896973	0.0629883	0.824219	1	-0.437012	0.0927734	1.0625	0.415039	0.891602	0.0364176	0.0373739
44523	0.874023	0.922363	0.0629883	0.824219	1	-0.437012	0.0927734	1.0625	0.456299	0.891602	0.0364176	0.0384318
44524	0.874023	0.894043	0.0629883	0.824219	1	-0.437012	0.0927734	1.0625	0.497559	0.891602	0.0364176	0.0372518
44525	0.874023	0.88623	0.0629883	0.824219	1	-0.437012	0.0927734	1.0625	0.538818	0.891602	0.0364176	0.0369263
44526	0.874023	0.915039	0.0629883	0.824219	1	-0.437012	0.0927734	1.0625	0.580078	0.891602	0.0364176	0.0381266
44527	0.874023	0.895996	0.0629883	0.824219	1	-0.437012	0.0927734	1.0625	0.621338	0.891602	0.0364176	0.0373332
44528	0.874023	0.92334	0.0629883	0.824219	1	-0.437012	0.0927734	1.0625	0.662598	0.891602	0.0364176	0.0384725
44529	0.874023	0.896973	0.0629883	0.824219	1	-0.437012	0.0927734	1.0625	0.703857	0.891602	0.0364176	0.0373739
44530	0.874023	0.891113	0.0629883	0.824219	1	-0.437012	0.0927734	1.0625	0.745117	0.891602	0.0364176	0.0371297
44531	0.874023	0.914062	0.0629883	0.824219	1	-0.437012	0.0927734	1.0625	0.786377	0.891602	0.0364176	0.0380859
44532	0.874023	0.912109	0.0629883	0.824219	1	-0.437012	0.0927734	1.0625	0.827637	0.891602	0.0364176	0.0380046
44533	0.874023	0.90332	0.0629883	0.824219	1	-0.437012	0.0927734	1.0625	0.868896	0.891602	0.0364176	0.0376383
44534	0.874023	0.895996	0.0629883	0.824219	1	-0.437012	0.0927734	1.0625	0.910156	0.891602	0.0364176	0.0373332
44535	0.874023	0.912109	0.0629883	0.824219	1	-0.437012	0.0927734	1.0625	0.951416	0.891602	0.0364176	0.0380046
44536	0.874023	0.667969	0.0629883	0.765137	1	-0.437012	0.151855	1.0625	0.00244141	0.935059	0.0364176	0.027832
44537	0.874023	0.905762	0.0629883	0.817871	1	-0.437012	0.0991211	1.0625	0.0437012	0.935059	0.0364176	0.0377401
44538	0.874023	0.912109	0.0629883	0.824219	1	-0.437012	0.0927734	1.0625	0.0849609	0.935059	0.0364176	0.0380046
44539	0.874023	0.915039	0.0629883	0.824219	1	-0.437012	0.0927734	1.0625	0.126221	0.935059	0.0364176	0.0381266
44540	0.874023	0.854004	0.0629883	0.806152	1	-0.437012	0.11084	1.0625	0.16748	0.935059	0.0364176	0.0355835
44541	0.874023	0.912109	0.0629883	0.824219	1	-0.437012	0.0927734	1.0625	0.20874	0.935059	0.0364176	0.0380046
44542	0.874023	0.900391	0.0629883	0.824219	1	-0.437012	0.0927734	1.0625	0.25	0.935059	0.0364176	0.0375163
44543	0.874023	0.87793	0.0629883	0.815918	1	-0.437012	0.101074	1.0625	0.29126	0.935059	0.0364176	0.0365804
44544	0.874023	0.883301	0.0629883	0.823242	1	-0.437012	0.09375	1.0625	0.33252	0.935059	0.0364176	0.0368042
#Kernings	Pred Code Point	Succ Code Point 1	Kerning1	Succ Code Point 2	Kerning 2...
KERNINGS
